
Min_num =

    19


jcc_Min =

  Columns 1 through 14 

    95    32    18    26    40   135    11    34    13     2   147     4    30    90

  Columns 15 through 19 

    28    88   128    36     5


FinalMinSumDis =

  7.4842e+005


----------------------------------
i =

     1


ans =

  113.4000
  116.3300
  114.2800
  112.2700
  112.3300
  115.5700
  114.3000
  113.4900
  113.1200
  114.3800
  113.1700
  115.3800
  114.2100
  113.5200
  115.2600
  114.2100
  113.0600
  115.0100


ans =

   34.4600
   35.2300
   36.3600
   34.4100
   37.5400
   36.2600
   37.0400
   34.0100
   35.1400
   33.3700
   33.4400
   34.2600
   36.0600
   35.1800
   35.1400
   34.4700
   36.1100
   35.4400


i =

     2


ans =

  119.1800


ans =

   26.0500


i =

     3


ans =

  123.2500
  125.1900
  123.0000
  126.3300
  122.0300
  121.0900
  122.1300
  123.5400
  122.1600


ans =

   41.4800
   43.5400
   41.0700
   43.5200
   41.0700
   41.0700
   40.3900
   41.5100
   43.3700


i =

     4


ans =

  118.3600
  118.0600
  117.3900
  117.3600
  117.0100
  119.0100


ans =

   24.5600
   24.2700
   24.3100
   26.1300
   25.0600
   24.2600


i =

     5


ans =

  118.2000
  117.1100
  120.0800
  117.3300
  119.0900
  119.1700
  119.3200
  118.1800


ans =

   35.0300
   34.1500
   33.2200
   34.5200
   33.3000
   34.6000
   35.2300
   33.5800


i =

     6


ans =

  106.3300
  104.0400
  102.4200
  106.4200
  104.4200
  104.2200
  103.4800
  104.5700
  102.3200
  107.2900
  106.0400


ans =

   29.3500
   30.4000
   25.0400
   26.3500
   31.3000
   31.0900
   25.3000
   29.7700
   24.2200
   31.1400
   30.4900


i =

     7


ans =

  113.1400
  113.0600
  113.4500
  113.2200
  110.5300
  113.0400
  108.1900
  110.2400
  113.3400
  109.2400
  112.2700
  113.0100
  110.0900


ans =

   23.0800
   23.0200
   23.0200
   22.3100
   21.4000
   22.3500
   22.4800
   21.1100
   22.1700
   23.1900
   23.0300
   23.4200
   22.3800


i =

     8


ans =

  126.3600
  125.0100
  120.1100
  123.5700
  124.4900


ans =

   45.4400
   46.3600
   50.1300
   47.2000
   45.1100


i =

     9


ans =

  118.4600
  119.2600
  117.1700
  119.2700
  117.0200
  118.2200
  118.2800


ans =

   32.0300
   32.2300
   31.5200
   32.1100
   30.3100
   31.1900
   31.4300


i =

    10


ans =

  116.2400
  117.1200
  118.1100
  114.3000
  116.5200
  115.3000
  116.1700
  116.7000
  115.4200
  118.5800


ans =

   39.5500
   39.0200
   39.3600
   38.0200
   38.1800
   38.5100
   37.2600
   39.5300
   37.4400
   42.1700


i =

    11


ans =

  114.1700
  112.3200
  111.3000
  112.0800
  114.0400
  114.0100
  112.1000
  113.5400
  115.0600


ans =

   30.3500
   33.0000
   30.7000
   32.0200
   32.0700
   32.5800
   30.3000
   30.5600
   30.1200


i =

    12


ans =

  114.0700
  114.2200
  116.4100
  116.2100


ans =

   22.3300
   23.0500
   23.2200
   22.3200


i =

    13


ans =

  120.1800
  121.3600
  121.2400
  117.0000
  119.0600
  118.0300
  118.3000
  122.0700
  117.0800
  118.0200


ans =

   36.0300
   38.5500
   37.3200
   36.4000
   36.4300
   36.4800
   37.2700
   37.3100
   36.1100
   37.2200


i =

    14


ans =

   87.3600
   84.5100


ans =

   43.4500
   45.3600


i =

    15


ans =

  112.5900
  115.5500
  113.0600
  111.5100
  113.0900
  115.5800
  114.2300
  112.5300


ans =

   28.1200
   28.4000
   29.2200
   29.0200
   27.5100
   29.4300
   27.4700
   27.5200


i =

    16


ans =

  112.3700
  110.1700
  113.0200
  111.3700
  111.5000


ans =

   26.5300
   25.1700
   25.4600
   26.1300
   27.2700


i =

    17


ans =

  108.5700
  109.4900
  111.4100
  103.5100
  111.3100
  108.4300
  107.0900
  109.2800
  109.7700
  111.2000


ans =

   34.1700
   40.3900
   40.4800
   36.0400
   36.0500
   34.2000
   34.2200
   36.3500
   38.3000
   34.7700


i =

    18


ans =

  121.3300
  120.3900
  121.2700
  119.3900


ans =

   29.5200
   28.0100
   28.4100
   29.0700


i =

    19


ans =

  121.2900
  120.3700
  120.1000
  120.1800
  120.5100
  120.3400
  119.5800
  120.4500
  121.0300
  120.0600


ans =

   31.1400
   31.1900
   30.1600
   31.3400
   32.0100
   30.0000
   31.4700
   30.4600
   32.3000
   30.5200

>> 

------------------------------------------------------------------------------------------------------------------------------------------------------------------------------------


i =

     1


index =

    24
    37
    44
    45
    63
    69
    72
    83
    84
    86
    89
    92
    93
    95
   107
   120
   124
   127


i =

     2


index =

    32


i =

     3


index =

    18
    25
    54
    79
   111
   123
   125
   126
   140


i =

     4


index =

    26
    53
    82
   129
   130
   136


i =

     5


index =

    40
    41
    52
    75
    91
   109
   113
   138


i =

     6


index =

     7
    14
    48
    99
   103
   106
   108
   135
   143
   149
   150


i =

     7


index =

     3
    11
    15
    57
    65
    66
    68
    73
    76
    97
   110
   142
   144


i =

     8


index =

    22
    34
    71
   121
   122


i =

     9


index =

    13
    55
    56
    58
   114
   117
   141


i =

    10


index =

     2
     6
    20
    23
    46
    50
    62
    81
   104
   131


i =

    11


index =

    16
    49
    85
    87
   101
   102
   133
   147
   148


i =

    12


index =

     4
    64
    77
   115


i =

    13


index =

    10
    17
    19
    21
    30
    33
    38
    42
    59
    70


i =

    14


index =

    90
   119


i =

    15


index =

    28
    51
    78
    80
    98
   112
   132
   137


i =

    16


index =

    88
    96
   105
   139
   146


i =

    17


index =

    39
    60
    67
    94
   100
   116
   118
   128
   134
   145


i =

    18


index =

    12
    27
    36
    47


i =

    19


index =

     1
     5
     8
     9
    29
    31
    35
    43
    61
    74